$ANSIBLE_VAULT;1.1;AES256
36623162666664393163636136643032383932306231666161633566633265353765386263666533
3134363232326265373935393635386665346364346161350a383965633235363732633738373538
31663336666231363763646135316430346161656639306531396364346231336262303565313465
6561303631343166610a386230633930343464656136626632363766613962343337386439356461
32353663643064633861396531313164643264343063656533356439663962343633643364386335
30343264353634333866356435346133613435663538353035646633663336326564613732396337
39626539303839343336303134373939353662356463626633386335346639363737356634646136
39633839623738343561363339356434316532373465626562353836303162373732366433626139
63363139346138663063653763633237323239663063346662666465636363346432633434343435
66323033666331346332623364653961623033336435373034663039316335393062336435386365
65616365623232313435366432613566323765626266383562363862393861303061633264373265
64633839326538326263633938386631326132353161393130383932343239643465353139353730
33363831366538646636343234363138353039346237336466376463386266316232653465313930
62323536616536343465666262323330663435613333656331316362303438333437303962613935
33653464393163626261363238613035336538663432646265313433396566333737363635306463
61366137313263333862656263346138326165633839343133643238623230346439323866396334
30306361643561343530303963633237303965633231333534343661313365663361643634633836
36373131356463383162313836393661333166623532386238633061376331363063636361393162
62326435663731323362346439313066336232383033343139643232373533373364653564393364
64393564376632353761303462613236383666333433616166313666303865303637323766346631
65666261393937316163363438333233653432633935663864343463363938313364363433323164
32343262626436393232303866316362663031356435376336366162363364383235326239383466
31316664653166383935666532346133623834613161393766653333616266636561346233363437
62366430643862326366
