$ANSIBLE_VAULT;1.1;AES256
66386639393562663461326662666332356561376434623438336433326662373035353863343464
3731643430306661613330633930326635343930333334610a363263376237343238633239323631
30356332396263373831363062613936656434366534663761376336303762353733343032336534
3563623361383538610a643932633465363366373331316434383631363637363333393738636332
39373438363138313434313561306264353962393063303032643436343636353566653966336639
35643332653562383966616138646461393037323463373336643766343434303966373366616364
30346563336631623338386239656332376234303033633036616137346666656235323238373839
37633763313038346532303062326339356566666234613731613034326366383465363665616139
33343137393832643631356664633538303262383463643061616565653536363137646432313336
34353264346565613061646166643733373939336536393630383932366337623339303634313830
38313737613930663130626461666563363865343163383865653765373839313933353565353937
38386665323432626235336335353166356665656266656665383366646238366233626666616536
38353136376338393436343432363538626164613161613364376634643539303035343633663066
30663032313438306631663335353230656532666533653530633137376539626266303933303230
34616566316338356334643965383532356137656439326664366431386362643332343035663233
37303762623063623932393465366132353438323536613237316139313938366363353766623333
38653565323962656231653230333134616531346633303332316166663137623337643062376564
37653066653431643962316662623431666434653536323435613639303533373231636565623065
30396434303339623738386564306630313337633937343638626235666562326236353230663936
32356262656535633334386366313766303061393930336637316439333635643461353034356535
64306331313730353636313536396564396335383430613064613462656132666333613631386432
30303461623331666437396336626237653034383863396433663135363532333135633361643431
35376565353233396431313661363731323661623832396430376238373162666133376431623462
61356634303435353437356365313939646138666132623939636566396164633730656662336562
65653762616338353466353631623531353639333731613336363139333136313133653231623130
6464383130373436626663316163333333303831623233393061
