$ANSIBLE_VAULT;1.1;AES256
30613436376530343133323338383765393731626265346431303131653733653264303565636665
6363333633653234643233313434343563353466366665320a376262613832396565376337383830
32313730376538623366323531636362386262356535656232633563393936323232643033303135
3439663539626265330a326563626136626463356431626230386233326636343435643638373337
38393733386535323637326134313639643830326463363937636232646632336531373030313037
30646635306538626337613935373032613764326636623232356266303139653439643632656530
65373131643561343366313437306332613261323630323466643633656138643430343463386564
61353230346566346263643738303166613738366232653131313538633430653366636132313335
34663632623536643737316635663536666465356363376363393432336138656363393434613232
32366239656438386535636538616162356539616432323338643336303231636334313431666462
38613332363635643136663439653433623462663139303632393263623839363237663632616138
64333761373364373735383462313166666563386638396665623263386534633763653333356531
66623937626137636239343338623230663764653363333336636266363233323065333133386562
31636334643533386533646333366434616331383062323861643665353930646636633137313665
32373162616138636332353966326562626265333763636661623230613734326331646232353839
37333536633431313936666233336238633836396337656664343464376138356539646364636162
33363464663837346135643736666439373937313333333863636263646531323766643264303432
30616333316265663432363763363534633935383765306536313561666437643938313736336131
31623536333831366465663438353462356139353730353065323336343430326535623763333864
66333561353165386138323239306430656561323031303430323836616539623439336166366631
36313838326639643730633234323632383836363130366338626464356532333361373632663962
33613934306336326431633037613033353966653439353363343136343237303663626466363262
63373334353338643565633063323232646230306665623964666364333239306462323035383362
39663962373336303663353634333364623834366536323531646438646164373139616462336337
66346139346662623534373565646336326238396465623361393839623465636131653534366332
65633137363261663434656365616235326563336363313865623030383132336632323735316530
66353566396662373930336662353432626164393561666333313933353465656431343534616265
32386164376437616432
