$ANSIBLE_VAULT;1.1;AES256
62346435373630653563363763333935333732393035303439653563373064306330393738326330
3933323039333535643237336535393332326364303264330a636563636131333839383637633564
31363330303339393431616465333439326336356531376363343765653933386261306663303233
3663383936366534620a643862323735323736343864313032353361373038386137633437636532
35616537373664333162626231636237653830336336333835376664333565616237663262623066
33316236626132626237653932303637376332393738623561636361353866376166613232623431
66323536306166383239353865333030386465366235336430383231323737383661363939633664
30613831616234366361616366383734643565373738666438353936343531333536313437646339
38343861663132663161333935373536623337663331653034626637336364616165616230383862
63363739643633653538306538633563623062626133393734363863646364653863636662366534
31396539343537343330613763363264353530393532353035396638306464643430623063383932
66613337653534303837326661396437613933643639313364353464633837633961666361343833
34313563383438333331323135343336303336326337663136653135656331303235333030333564
64346664636433386530343766336431353565356639336661623336653339656136663038396261
30323261613436313564616337633762663966363432623536363231393236626339303564373466
36633439376366356538306339373662346632663930313731333363386537313134643861656636
36656131636661373735656166623063663637613835303762353065643039646565336138303338
34616430373033343261353361323264343839333037343965653434646139393936333766643836
37303834343035633563666431366233376236663838613364636632323633366538333031636133
30663631356537346461653932336463633438393338386434393966363139386666393464333064
66653731363239363966383234373734356331313265306561633762613030643965313066356164
35656263323434643366383966383930386661326332623165303864636662616663386164666263
38393137396361623130383164313962303265353536326537653635313133366665646165353033
62666665376231643463643233626336643965623434633064393066346631323934383537623864
33623136313639656539663361393433383438643539616335336662393864633965313330383737
63623639383132336536383732363732396365336435313665333437346666366434663930353434
63633064636631633165613131616436663731623334353739363833346165393562356631666461
33666138383238623130663630366361373162366262333635363233633236663039356432633464
34656263663835643135646533643162386132666365373830613236656266363861376462656163
66633130333635323838303235373063323839333963373665346566303566666263663332343361
32346666316463353231306130323931663836343239383730386331626336656231313365393132
61636235316631366539303561613163633563633634306665376432363464373130633766623738
39666533616638653734396332376138376366616365356266346465643335633364303931343431
31373835356164613636613031623438653130656337643931326265613666613739643333366434
64353465636163613566613032323163386333336462356165663932386565303038633866363937
37363833373665366639326635613961646137663663663638353334383230623335333031376139
39643138313239353936623930353536663134653261626634323730323236643663356132666266
35356632626132323633333037636332316530323535653035356463363435376236356239346339
32366665353064356465623431613630326463666534666236373136333732616637363964373564
32343466333937303861383339663364616137616562633562373637343262373665346135376166
39653065613436366133643161616230343464313734623638393034646262333833303065623366
63333931363034613133646262646265653039353238313431336361383931306630633639393366
35333538373961356232306638303936663063393236323266303862643731316535623862326635
66386138646662336162363036653763343963636165363335396662633161643835306639626165
39383462626338313765313761303933376664636464343330333839323534393536333732653331
34313735643732373963366232373566376239303764333863323961386434306139376161333964
37393338353531306636633639386431363934396632383266343135376364393166333939363233
30343463613138353130303330663138626633333037316132373665396634303566396434336662
36623031616563386538306266303866373865383365366564313564366533633334623961353937
33316630373463396665663437653766376230393539333039613930323237383437363166326633
33643530373730653933313961306231366134623638653163663837363133363433616466376166
63363261333061643963323636303062313865333766616239313939383630333866386139666235
38363164313039626335653134643233343964633435636162336135386461353736333261336130
65363634373133616562383037383736616662656237343937643162613663643566313962383832
33386564326461623063386631643330343138303737613933353761343066643036353738666231
61303038306334323033623133383765613665323661383337663230633562383631653666303738
38633163663832333830336465643339636435393465663739616435303236396263633838353364
62613031646465626630643465346662366462363335383933636461646635376232376162623034
38613330326532306233303534323539633737333932306666383164653530613835316362326163
64643235353838636538386264333336643230646534303762356663333634303631346332303631
32616339633464616462343032303263393137333839313236636530323737636535303262313266
65643566343331326134356532313531363165353861313335636331383461663766356432383937
34646365383434303464663838313539653466336134323938393365613864633332333165306162
64303662653337313636353166623738666362666262326531396336363032633334626331616639
37656235653732373062653333396262623838636335663830636437626639343465383234333035
38383436383231656534353136636334623961323933633534313839633063653362616438356366
36313334313031333264343937323532326132333663333532393964343333366136393532393536
30396463363963316433383936653338323033313437383562323566663936356531373038393861
61613865636435393433303838636134316633373465316139656536616164613136653937633234
63393539613966383136313531346238653135373735623833663138396432346338306334326331
61396538393430366264653536333338383733343761613133656137303261633637333733643737
66396563383339383764633765663364613333623632356464363430656139336362323936663966
62663263656336666463383339613430616563333939623432333265653764363736323739363238
62373932396634396439333632636436313033633536646231343336306262356465376631313732
66656139376563306539303838313361333138383831386664316334616337373865646162656139
35323933643161303138626165336433363733333238393235303766383166653438323130656164
37333061376230393133316536636537306334656337646336303835303838313238616338643661
64333230663766373761613630386262313461383933303265623662396466316662623537626465
39653133346263303231636135356232383765393933656464343634656465353966376461386663
38376663386434666565313632343430313336383364623162356466323038666165623634656363
66313731366636666639613530653964616361363730643138303463356165363032656332623535
38643664663534306162343661373933666632333636383639646637313632366661353934386639
64326566393437306464336231646262623134623637396364643334383839343035656533373734
63346137393335616630346637346132303238356338633039343062326232356534396165643565
64636561346564383237636161306166343761643734353134316362636435306439633632353739
37366235383666353065666534356130666364626165656436663836383563636234326264633665
31636138366237313733346239653439653032663536393731626337393030643337336532326164
30393430386333336461653735643961303362326233396661643066343531356664356338386363
36353733306239333865643866346636613362323035383737626266353333346338626338353438
39643236616165383337363266663332333537333135643630363735343335626639353335353936
35396162383230343264346630366262623463326266366231306234623365343839643233363161
32383738396562346132393036393335616162373765383664626535626230633933653731343235
30633039383139363735383237303130393634376237666166366338643332653362373964366630
34613866356434613138383734626336393036386166303939363936656561396162613966393037
65343330363139396362626563333232366463376537613738663338646335323733343034313462
62303733646431663765353864343766316139636536346334333537626663656538653162323334
39653636663431356335636265666639373663653639626138323733303535366433353531393861
32633537326362383237636664313839353635613030646439666161613861343131396330396663
33623935383832333862323537663139653865393231316433623761373235633363663264353635
35346134613865333031353266666639633863616461616639646164616664653565613635633335
62623163323764623164653366343466336162336538356165353164633235343233326138306563
65396238373733393263356562353734326630613239633461616165303333663461623333396338
34626130343230323565393565653037363932383134306134616534386362356231643965643237
66393333343837626164316263633663393166333662383730363239663165396332383938333039
37363332303362373735616232333861633230333163643131323763393561613738396432326136
31643665393335326137383238316164663265353065306133356366656563376135336566313337
62373833336365303166363462626365626432613762343739633861346334666431343366336262
37333036346164643665633738386639336163623665643238343637373765663938366132623234
36663436306366623134323962393539623630333462343737393330313663366661313761616161
35306665643561326137386463383935316536613665623837303464393262303930666335306432
34323132383633633132353833656336316535323762333062643632393863363332653136646264
62386463613435373930373330396636653037643563326439623063626464316632646433363531
37333432623032326561316364373832666437623362356334383565366531353465373730386262
35316137346330373737303534343739656539656266633234363335316439616334376334366236
64353434653032666331326333646364663763393532666439363063646530656265353461346137
34396461366239393730613166376364333161323735626536393235373266376265313032616230
66363330616166343164663330393964303062316263666238656335663230646465386138353764
38303434643238333461313835623338323634653464666134626665323262623335656338303166
65643765306461393537386139613132396166323132613432663735343737623561343663336437
37623834643538666265386166663261663364613131306464373038623735333133316533653066
38383462363335373462656533353836383462656534653364363636323664336232623865353736
64353366306361623366316163353836643066613534633261323631353462643561353437616363
62353663383133363039353738313766643062353332313466343132393632663066383134316262
65376538633933353534646336356364356430363432656264623064663633343362356562633235
66613432376635666533643733666235623138313138343334383564613133343138323237373733
62663263333963383330383463636638333066383739333437386438386163316466373030333832
31323035646239396335353161613635346537623430333439636138396164396364363139393235
61313566333966633862653266663636613865306331623162643563363231656266323961356161
34626564666163363131343835363933336165393661363065316666663631386630653931646631
61303233396162343537613637656566313963303730656339363566306235373063633736313463
31303431333465653639653339366530333136373865323865336435626132663333383136306636
38636433353565643766323562643630386330313564303934396434656161373031623865633232
34326630383939643536663666316231643730663966396366373138313932323532343432663439
65636436326439613234353163663461343834383635353430393439343733353738313661356632
30343832646365333464353662373032643565396135656531363633656433383262393461396231
64323266636133363933326133313663386662323035363533333334383433313462363161393939
66336137323032643432353438626433373635346134383466323663383835646534333631353739
3931303435376365323932633763646637636434393162626366
