$ANSIBLE_VAULT;1.1;AES256
39356538633661383936336262633934626165623739333662353632353163623338303434386131
3832616130386536623132303138396433326161316232390a373163623864303162316436386566
39366663653037613134376439616363303131383664316639613433316135643236393438313363
6230623839356139660a313933333164623463343261653265343438383036653838653233333263
35383562323235386136326664383337316161356237613566653665646337383564643636326338
33313964303164353432383664396662363837643261316265343739633435663364343039336365
39343733353236656563383236343763633363343937666539363562646534663236633736646530
65613635333765626631303336346261343162326339323239616231326533366231376565303064
31616266616462323863633933613866303132333063306339376536623938323734313663643561
65343565383665353730633632656366303435636231323566303434653739653538303764323566
31336136306234646561663036613766386666363839653736316262363865333962643239373139
64386537366464656364356664663537623139636331313063656461353736393434363032323636
61636137646265663164396638306563303339626661373463383630323239616638633031653439
33336562653334663766323735396230653035383438346562343131383835386261386434613337
33383865373038373338303763613166333362613339353534346262633539333330643939326366
61346333326162383038623632363136623236643465626565346137343832633932633337613230
36373130303565343663613263326133313630663233306664353433353731343662376437323030
61366663646138353661393631323633646231643733616531396236383737323232333637323666
34323462373663343830656637396236646236346334346439663139343233376338313930373766
34633136396136313637346161336435626130626664363663353936383536616538643237313332
37393066656561626533336464323162363065633832653839383937343536383866646165323163
37363565656436393537656266613235643735643736343136363037346539326137666235616163
38363338303663346538363438323532303439636561313263613064373839623434353564323238
36376631313365303434303232393265343033323366656461666637643136636638393535373233
65643537353161616437306566326134353831303965633432623264366231393432633534663031
34323435626231306634326666336630373334313032313364383237663839353763643431353837
61393662336261343561323638643063396338303163663566333434336665623839346665353966
31373066663463653835623737363338666133616266626131343239346537653062363564376631
62353934346235643833613838396332636131356335353664393933386161646632646338356638
63323064363233343463646337316262303764356438646266663361386165656665316564356263
61376263666536326536663035643038376663303439346636343266666366366266633333336236
36323933663866626266653662356334373639636538316163386131626234613935646339393433
32613939613138636363346661323739356431616664386439633736373838666631366261643838
38353033356662616238623561366461356561336334643130633166363433336666616263343865
64633636386139656366656539663366666463336533366334643634313330363265336635373334
66383732646135383437326635336336663330386265626465636266326164383033613633613361
36626532393164353633373461663431613933626263303637663935333934316361653734626462
65303139643435316531663133333335616333363936303234653331396338313332643061336664
65373866666265353530396363313136656138666163316337313539366231656165623137626431
66336333623531393861376139646238373730373165633162666264353039653231383835313438
64653331346362393162376233653336313033656365633330653864616665363137393434366439
34333830346237643436613861356531663064643066323035663939383364373733323638626665
31393838313934393865316430666332383834663561643735666333383561623838616161643766
35306465633636396264396137323864333363623537313130393765316461643536636461353665
61613664633631376662633734653539303534333831613337393965626131653131373731393834
30323638323265306563323562636631393663613662386563383962306331303136653232383731
66383066313532386263323763636634623135636338663163616461303462333738623766623666
37616637633465326638366431386336373432643364316237393539373730363930643837643630
30383661653763336565366438373637656265373030343136326637313535333232326539373630
30326565323162373862613031313038666633643763636433353133396536653261323865633735
65366633363930356235393665623138353133323339363166316136666637623936313663656438
34366162323436643032343330666464326333643166643433333564633066363034333636376237
39373537333264336439396335623236356136613061636137333430366661616666373061376331
61393165353266643064643234636163343230646263386266356565626532636234346633333964
62323664336334636330386263643937656136323238393634653037636536616434386138363432
65316431303939643138303930363238663938343330383231376537646535376334626235646636
39313731643564616232396534643233623538393638636630343139353265353865363737353535
66643330383961393530323563643366356534616564303132353939373832363064333964383931
35393966646234323132333338343561663661663033306363326163616233366336386165323230
61636533623563646564383236313562343965346330323537653830313566346261643432306435
38343064633938366237353161616263663064383335623533643234356237613461333639613736
36336337323161666434626139393533653666663563646262343366303335376635666236663635
34343239306431653661616665306339646562323565323437666534333232613837616539343563
62643034643435663762396561333962353136353634366136306434346461326536386131366136
31363965373737646636336637326130666131633938343034666536343565363630363962626563
30306538666563623130383266626535356264396630393632636664326630313162616338363061
36626236626564363832623837353535643765323833376137346433303232373735326165613831
62633533633138646439663064386636393361623634353835653832333530383835613430383765
36643538663364616530656530623965323964653234666564643964623636366566653965393434
61386137383265613531313534663562323834396236396331326362383265393232323863343835
33643434633533383338313338386338313730343039333533333034323039633265373637323637
31303137636536303363323637346565383731303765616233343037613366616565653531616131
37666461313066616638353437633233663031336232633964633136306434623531646639623663
32356362636630623633353061356339353739663361393731376439336136353839616263636430
38343934333364643631363961323230333630376265336466343663626537326134336136636337
66353261343531653266633535623533386164343936323637393766393264343666616463303862
38366665613561623061336234393938313561306231663438326237653866393732666465626537
34323632313236303866643535393030326563356137663838633634616464653366336265363537
30396662383232366335636364396431383131393438666462343233333935376433633731386165
34666136386437306465613330333862646334643465323736336462666533373938383164313131
34316533376663613434323561663235313335623733326464633163366463383432343263623433
31393763663438633564663730303130376662666638663335643164356630363161653431663434
36636463643165303735343665623233633233633665636235343363353935303732633035313364
36636563656631343439363238363739623939303238363335626261316664393837343337616162
38616639323038383965363339356532653535303139656165343861613464623865633131623362
34353032666662383337363733333462616638336363663662623465656132343236646337373337
62363562653637623862396633336435643033613866653862663033363063363665313335333338
66346532396334396431376133353739623237303738346330653762663062633337656564303130
38653033643365316434666634363235383430346432386632313530633236353861373338393336
33613732633832346631653436366535303336363161643063646433393633343239373865636561
31396164333236656638323737336161656264386461333162643230356466636264373433313437
31376338323932653861666638373531663161646630316366613338633563613030373539396535
31613633633632376232396439356334353739373530333762313965643233663665663038646539
38346166373163393162316565336463663634643535326332633466663236633135363738393366
61663137383365653034653166626464656361653934636634326263383038376261336333623438
36653238396463396664316136666463353731383963386535386435393231373533313436663063
64306664636266383830333237383539373039383338363166346632326630373138613637363038
35633630393235346466656433623033636430376330343633613465383465366562376137373265
61653065303861376463366561663935623539353636326538626561303230346338393238383863
36323237656334313231303664313732343830653063633335393030393332666361363761366361
37306234646364303365663139366564376630343963636361323964633233323835376261353236
34346530623132323566653664373865343938336364303831386132643432386133383935376230
31633530633063613463303036363737643462396661393538313734653865383336386433633663
35653965346361356535376337363739316631666365366432633235383334383465656337626364
36646533373732316631396163326533636662346530383462353162386537373235626562373966
32646161356264373231303232343937643166366238663633333930366535396635613461313265
37653034626363663564663432623766666263366335316234303730346564663333626436303031
38313233663663636334383835376165366565333038633165626534386336373665343833323934
65646637333138316666306131643734616439333064393365666631396561323862626563353634
65316462633866313036396162313730646163633861316337353636623036396530373663323732
32303366626631643036323634303561623263633833396333323139393039323563323366333633
66303562353462653261636164396264633636306630366130333266613932326336633134636136
39623937336466396435343866386533373064663961383466343666376432303633323738393930
37633861386362303633616666336664633464633734613834346536386637316634336161613739
66626262613965343762303132633535383038303234626366646432326639323035323466313236
35386266386539323535393238303139393565346333353735303736373130393164666432653961
39333637643234653038626132393439666362363230346439633834313730636137323239666664
62636438653062366237396133613533313333616339643438383262666234643438323863316533
63373433313864663663343232356130373161623064346133386130356436616233653964313466
34343638633461396661623032353634623536343763313263363463616439313434636234333737
63326337646663623630316537366534353166393732363731666566333037383662646533313339
38333132393237326662363834623535333162386262366464373063356534306436663538656266
37643561356539653666636432323662646463633264383761303636613232636365623139313565
30333430383163656537306466343337346337323733383066303263663134383034623031626636
39346166636561666637356239376535373863363261353336653734636561346561653235316662
66356538386536626162343866656137353930383566393130633434346363393439313936613463
35343966343766613663386533633834643739636132343535353665373631666362646336363166
30663737376366363163343138313331316265376431373362363031663064323636386466376461
31333534343738383133646431333236656630336236646431363131313063306138666562306263
65343264626262666564336336353162386263656231333736396330356361303030376139366538
34313963333162366262323934656263313634336564326333643933396436666232386563316437
61393063333565366161343336643431373563313833353532376131633833623163643330393636
38666333646134646163373062663438663937613462336539393233353865323263653231656630
33656332663362386635326432306135663664336130663262636566346431303433326366326565
37333539396364343261353533353530373833323133633936323836663037646235393564323434
39323134623861663133653762343966633134373036346564303133623263306138353734376665
31363965356266633666336362366239636531333336383465653137383563666134363465373538
66303466383938383737666235383464616464386362356239646233386537653166333636303938
36633066303732303562613337663062323263313364643535663431373435663030343137343238
66373737303763303537626132663463373063623561383038363439353538333665633435336231
35336532623835386463323765323432316462313962363739373134636335623738346633613431
31343736613538636130666332363562363735326534343934643033313433643631306566636431
39336530623537653033346337303362326365366261363666383537313465316438613039656666
30623365653332393865373962663365613534363164626236396362396462613535363738653734
65373839343761663631363632326631303238393061646232353639666463313738666365383637
61653836363537303432373035363166306330663630363437306563646462613861643763336530
38623561316132653939343466646364666362346234313164623236386433623663653262663435
34306662373434366132343733633665353530653435323166623532643238363665396232333736
35386265323035633933643662373635346638626531646130626564656162326262663062643061
37663439393365336564333464643734323764303836366666346136643235303965613265613536
35663838386365623331343034663236633965653966356533356138623634353537313038326261
33383461633162383262306565386131313662636132626663313031613462666635656561616333
61386334383333346463313264633137393433366565373361643333306162613731643337633030
33306434636234613664653562616139613734613161613039383061323865343538376332663130
61366430386235633563626138623363303635336562656338363030653333643839376261326364
61633737303631613134343738656364656230633232616130313637376265656131653430396663
64316334643533353836396536386536616230373864623739626236633730376332613938306337
35626335323330373266316265663563373330646337373161313666303236383435303937313838
63636336386663653866336233366361623931616566633833613266313066323061653037653832
31313032323835333561626530313736656635653765306238373333313462643430626162656564
61396264336463346339343635653866303934323565633062323062653461363631626630343265
64643539353635633864353431306538653231393666363733366362336138303062363334653837
31626666323232613266323335616163653263636436663139323463636666666136643037333664
36336362613164656632356566646562336263366339623934383832353665366633393766616130
34666266646164373637623332336136653830316336663637363839663234376630323366326137
31616365376333663134623734633263323037636463393261393230646465313662653731653036
31613838643834303966366264333165616664633939616135636236613739356638353464396363
63333665363335666161666237326236353562383238393065396535323537636534626239636439
34363630616238386265633336633337643032346137666165633131666433643464333162346264
37346262346531376536316132376563613136383865666463626564393132346331643261653632
61643137653739633932643764646436626461663436363364333265326139343634663530623365
39636537313131626466396461633930636238363738323364313638653564656233626465623734
30313434633630626230313863376662393733363434653466663338343962653266
